Vocabulary size: 261
Epoch 1 completed.
Epoch 2 completed.
Epoch 3 completed.
Epoch 4 completed.
Epoch 5 completed.
Epoch 6 completed.
Epoch 7 completed.
Epoch 8 completed.
Epoch 9 completed.
Epoch 10 completed.

Word Embeddings:
the: 2.4348 0.515784 -1.7279 -0.207906 0.321142 
stele: 1.24949 0.149002 -1.02657 0.0391183 0.152818 
was: 0.887921 0.194421 -0.76818 0.0160171 0.172625 
rediscovered: 0.286901 0.0210744 -0.379101 -0.092864 -0.0398451 
in: 1.78737 0.176323 -1.43655 -0.106231 0.236137 
at: 1.10199 0.222707 -0.719719 0.00224071 0.0628436 
site: 0.399008 -0.00312823 -0.350345 -0.0398131 0.0294917 
of: 2.21778 0.309056 -1.71655 -0.0435354 0.38145 
susa: 0.434043 0.139252 -0.284259 0.00909742 0.025998 
presentday: 0.388273 0.0154427 -0.376109 -0.0140975 0.0430504 
iran: 0.360473 0.0723364 -0.338914 0.0546528 0.0654685 
where: 0.22382 -0.0269646 -0.254658 0.0720077 0.0563851 
it: 0.62133 0.205224 -0.54225 -0.107687 0.117043 
had: 0.290088 0.0808462 -0.322341 -0.075999 0.14995 
been: 0.459289 0.0793478 -0.601137 -0.0329138 0.060507 
taken: 0.22417 -0.0152771 -0.273313 -0.0778336 0.0665493 
as: 0.879042 0.155966 -0.973575 0.0734318 0.281048 
plunder: 0.338867 0.122701 -0.218294 -0.0159806 0.118119 
six: 0.379728 0.0747719 -0.276726 0.0148069 0.0464673 
hundred: 0.237734 0.055976 -0.275577 0.0681017 -0.0161238 
years: 0.278724 0.125953 -0.324011 0.0418768 0.0295312 
after: 0.553542 0.0801674 -0.464574 -0.125687 0.00283431 
its: 1.50611 0.105158 -1.32739 -0.216917 0.130993 
creation: 0.411409 -0.0335743 -0.363455 0.107196 -0.0103776 
text: 0.717947 0.153236 -0.507212 -0.127965 0.0224407 
itself: 0.414253 0.0373001 -0.301331 -0.0797775 0.0532622 
copied: 0.280286 0.0957627 -0.222249 0.0415688 -0.00862078 
and: 2.0328 0.498718 -1.73402 0.0484726 0.194521 
studied: 0.337894 -0.0347331 -0.333334 0.0361573 0.15344 
by: 1.01897 0.157841 -0.853333 -0.0920259 0.133736 
mesopotamian: 0.263437 0.040575 -0.270065 0.0190988 0.0689661 
scribes: 0.303103 0.0642372 -0.391209 0.0283595 0.00356952 
for: 1.28856 0.219855 -0.944424 -0.111983 0.0824092 
over: 0.874204 0.28062 -0.7801 0.111709 0.0605082 
a: 1.45385 0.247028 -1.27167 0.00940925 0.115758 
millennium: 0.433207 0.00285466 -0.27733 -0.00187668 0.00848555 
now: 0.367378 0.126519 -0.434723 0.00318313 -0.0357017 
resides: 0.463092 0.0573596 -0.32435 0.0207409 0.0552405 
louvre: 0.384862 0.0254708 -0.310884 0.0150266 -0.0498232 
museum: 0.727081 0.120762 -0.559989 -0.0326974 0.102234 
top: 0.45531 -0.0561104 -0.364055 0.0471583 -0.039265 
features: 0.396775 -0.0125249 -0.444223 0.0744509 0.0183389 
an: 1.20499 0.158295 -0.946277 0.0185005 0.0484072 
image: 0.352148 0.0635171 -0.238128 -0.0736538 -0.00167281 
relief: 1.10196 0.095586 -0.873495 0.00506616 0.0223391 
hammurabi: 1.16575 0.0718043 -0.85629 -0.104716 0.226812 
with: 1.14756 0.0731669 -0.857899 -0.078951 0.190628 
shamash: 0.507765 0.129398 -0.318151 0.0585647 0.112376 
babylonian: 0.652334 0.0312614 -0.592713 -0.16217 0.136377 
sun: 0.409245 0.128686 -0.264572 0.0418396 0.154304 
god: 0.777753 -0.000278487 -0.585445 -0.0623334 -0.00180605 
justice: 0.534004 0.13788 -0.356619 -0.0410978 -0.068168 
below: 0.441729 0.0982847 -0.320542 0.0359029 -0.047991 
are: 1.17562 0.110231 -1.08755 -0.104973 0.309182 
about: 0.445652 0.042683 -0.417084 0.0593558 0.0502587 
lines: 0.452327 -0.027855 -0.344184 -0.0337423 0.0444871 
cuneiform: 0.334727 -0.0214286 -0.342623 0.0402534 0.088276 
one: 0.38261 0.0466984 -0.226084 -0.0640131 0.109246 
fifth: 0.360941 0.0244717 -0.375098 0.0220661 -0.0749004 
contains: 0.378734 0.135401 -0.343285 0.00559063 0.028437 
prologue: 0.80411 0.163249 -0.578792 -0.030954 0.00446795 
epilogue: 0.410075 0.162044 -0.380281 -0.0257384 0.0250614 
poetic: 0.458557 0.152001 -0.207622 0.041896 0.145833 
style: 0.440428 0.0557263 -0.424845 -0.020487 0.115159 
while: 0.684505 0.0619707 -0.619694 -0.0537449 0.0747497 
remaining: 0.326855 0.126733 -0.247281 0.0865558 -0.037325 
four: 0.459825 -0.0119384 -0.244564 -0.0421244 0.120684 
fifths: 0.396716 0.0842745 -0.326792 0.0303108 0.0311005 
contain: 0.302163 -0.0018626 -0.264385 -0.111332 0.116474 
what: 0.291764 -0.056748 -0.185066 0.0627421 0.0100553 
generally: 0.445822 0.0570858 -0.333713 0.0795696 -0.0421983 
called: 0.348088 0.116509 -0.306591 0.0520244 0.0588205 
laws: 0.853103 0.115938 -0.669142 0.0354684 0.165454 
claims: 0.350653 0.0832265 -0.309187 -0.046611 0.138956 
to: 1.45996 0.227985 -1.16673 -0.0254868 0.326788 
have: 0.33741 0.107612 -0.309254 0.0323841 0.0891799 
granted: 0.328356 0.128884 -0.271139 0.0528836 -0.00153865 
his: 0.304183 -0.0425917 -0.195801 -0.0513432 0.023608 
rule: 0.90404 0.0628588 -0.575668 0.071885 0.0667653 
gods: 0.501074 0.0313306 -0.282494 -0.033275 0.123593 
prevent: 0.452118 0.133113 -0.429306 -0.042517 0.139568 
strong: 0.399154 0.0375096 -0.312226 0.049151 0.0764254 
from: 0.90916 0.179421 -0.716633 0.0319601 0.0641487 
oppressing: 0.470557 0.10382 -0.269919 -0.0799184 -0.0340012 
weak: 0.583807 -0.0254248 -0.442443 -0.00388839 -0.0442301 
casuistic: 0.345657 0.145997 -0.325652 -0.104722 -0.0205089 
expressed: 0.353313 0.146179 -0.332698 -0.0675678 0.149175 
if: 0.350962 -0.0181784 -0.333539 -0.0749136 0.0636458 
then: 0.379607 0.0989277 -0.335981 0.038749 0.127889 
conditional: 0.337149 0.138312 -0.347141 -0.0175593 0.0124218 
sentences: 0.419725 0.152433 -0.258115 -0.0492663 0.0580466 
their: 0.27423 0.102298 -0.139668 0.000443996 0.09347 
scope: 0.350841 0.180041 -0.276735 -0.0217382 -0.00179186 
is: 0.671934 0.100398 -0.517879 0.0598586 0.0724355 
broad: 0.302241 0.0974251 -0.277087 0.0279411 0.0118656 
including: 0.810458 0.305414 -0.667091 -0.0949351 0.188733 
example: 0.360587 0.087787 -0.25835 0.0301708 0.00101613 
criminal: 0.48011 -0.0156791 -0.296601 -0.0760641 0.0707471 
law: 1.87178 0.221979 -1.35004 -0.0495696 0.27085 
family: 0.50105 0.108064 -0.234264 -0.0520674 -0.0180807 
property: 0.469801 0.0267385 -0.282522 -0.0988608 -0.0243879 
commercial: 0.33278 0.104298 -0.358005 -0.0396947 0.040126 
modern: 0.193373 0.0788285 -0.0718498 0.0274079 -0.0548865 
scholars: 0.655553 0.122016 -0.485416 -0.125146 0.193157 
responded: 0.412017 0.0662466 -0.31904 -0.0732237 0.0774635 
code: 0.956906 0.0181146 -0.867353 0.0260699 0.0217387 
admiration: 0.423301 0.0689017 -0.388689 0.0263762 0.0583433 
perceived: 0.389744 0.0871064 -0.435141 0.0189035 0.0812094 
fairness: 0.460542 0.0296104 -0.254099 0.0616948 0.0684637 
respect: 0.440658 0.158689 -0.306111 0.0794853 0.0478377 
complexity: 0.601101 0.00912836 -0.355942 -0.109345 0.0502422 
old: 0.44175 0.0334395 -0.368387 -0.0212887 -0.0227472 
society: 0.298736 0.0665093 -0.351089 -0.0786984 0.123542 
there: 0.700097 0.108651 -0.565868 -0.0526887 0.150449 
also: 0.629283 0.02244 -0.674203 -0.117719 0.209053 
much: 0.477655 0.0790564 -0.409183 0.0798872 0.0258364 
discussion: 0.350158 0.0432672 -0.425197 0.115119 -0.0143015 
influence: 0.521947 0.000341236 -0.512214 0.0166377 -0.047239 
on: 1.36357 0.248403 -1.22151 0.022786 0.172637 
mosaic: 0.460402 0.0414601 -0.386082 0.0128402 -0.0149579 
quickly: 0.310137 0.0486161 -0.282567 0.0421965 0.0885051 
identified: 0.379108 0.105669 -0.177422 -0.027696 0.136681 
lex: 0.234525 -0.0365076 -0.309647 -0.101113 -0.0278627 
talionisthe: 0.447396 -0.0103502 -0.250168 0.141336 0.104002 
eye: 0.655544 0.166626 -0.663114 0.0251717 0.110042 
principleunderlying: 0.508202 0.0534041 -0.423142 0.0390259 0.0711061 
two: 0.701985 0.0706641 -0.651535 -0.0555622 0.0596085 
collections: 0.670467 0.17633 -0.430654 -0.0422414 0.10826 
debate: 0.395712 0.145378 -0.236701 -0.0158594 0.00877904 
among: 0.359927 -0.0109021 -0.246744 0.0132837 -0.0336938 
assyriologists: 0.273641 0.197285 -0.274197 0.0843381 0.103147 
has: 0.54785 0.081844 -0.610813 -0.120782 0.15406 
since: 0.274043 0.0104284 -0.197056 -0.0507161 0.123741 
centred: 0.423823 0.0199556 -0.331194 0.0117301 -0.075578 
around: 0.360384 0.0825818 -0.289412 -0.0577891 0.0557959 
several: 0.40892 0.0270512 -0.341145 0.00959037 0.121572 
aspects: 0.427334 0.115405 -0.360674 -0.0389202 0.125808 
purpose: 0.429073 0.0672735 -0.244609 0.0775073 0.146516 
underlying: 0.363395 0.0254024 -0.380891 0.0942691 -0.0434859 
principles: 0.392507 0.103971 -0.251787 -0.0328231 0.0978764 
language: 0.473657 0.142886 -0.337441 -0.0863511 0.127874 
relation: 0.328538 0.0620085 -0.285038 0.11028 0.0775851 
earlier: 0.498476 0.0551961 -0.365463 0.0909535 -0.00922615 
later: 0.562163 0.141239 -0.252396 0.00417655 0.143074 
despite: 0.326137 0.0888054 -0.251692 -0.0720473 0.0330694 
uncertainty: 0.430927 0.140232 -0.273876 0.0224679 -0.0266368 
surrounding: 0.39129 0.11491 -0.275903 -0.0106675 0.0935322 
these: 0.555226 0.0754757 -0.618287 -0.056435 0.0564905 
issues: 0.270245 0.0250218 -0.311346 -0.0507814 0.104139 
regarded: 0.438281 0.039289 -0.359718 -0.0223564 0.0972117 
outside: 0.293479 0.105852 -0.287953 -0.0419117 -0.0558513 
assyriology: 0.430649 0.154252 -0.338316 -0.0714183 -0.0248256 
important: 0.483681 0.135208 -0.234183 -0.0117951 0.0666214 
figure: 0.416796 0.136685 -0.422893 0.0392013 -0.0128655 
history: 0.513503 0.169753 -0.453048 -0.0360004 0.0640614 
document: 0.613348 0.128803 -0.364597 -0.0418115 0.134571 
true: 0.338153 0.0668117 -0.355393 -0.0642343 0.0710563 
legal: 0.506745 0.0881918 -0.285345 -0.00854335 -0.00976016 
us: 0.50731 0.0620178 -0.341431 -0.0606719 -0.0540655 
capitol: 0.414941 0.0339249 -0.464599 -0.0142661 0.00555044 
portrait: 0.436326 0.102013 -0.340052 0.0782579 0.160611 
alongside: 0.460444 -0.0541983 -0.43318 -0.00251678 0.165957 
those: 0.496405 0.119977 -0.328038 0.0120652 0.124651 
other: 0.49037 -0.0797705 -0.40098 0.0410049 0.141185 
historic: 0.410603 0.0114769 -0.371002 -0.00602457 0.0399931 
lawgivers: 0.387695 0.033602 -0.384115 0.0136358 0.0387049 
replicas: 0.540347 0.0282449 -0.353733 -0.112047 -0.00227337 
numerous: 0.405397 0.135 -0.338445 0.0314037 0.147212 
institutions: 0.506765 0.177896 -0.312901 -0.100251 0.0697155 
headquarters: 0.666833 -0.0238338 -0.449491 0.0468691 -0.0268679 
united: 0.569713 0.138665 -0.502248 -0.0886325 0.0177938 
nations: 0.52772 0.100416 -0.333464 -0.0189281 -0.0293141 
new: 0.966201 0.0194882 -0.779271 -0.0825058 0.0518902 
york: 0.392219 0.150652 -0.308249 -0.0479109 0.0894932 
city: 0.431267 0.0708357 -0.340356 -0.0494307 0.0571051 
pergamon: 0.514272 0.0972097 -0.412458 0.0785216 0.0121268 
berlin: 0.219783 0.137217 -0.205341 0.105876 0.062605 
dominant: 0.372468 0.117054 -0.289701 0.0408926 0.123769 
sequence: 0.396883 -0.0342629 -0.373732 0.0558195 0.0458816 
transduction: 0.429067 0.0823512 -0.269962 -0.0751911 0.132057 
models: 1.04098 0.227021 -0.780722 -0.0295598 0.252715 
based: 0.571998 0.15074 -0.532788 0.00273941 0.0808548 
complex: 0.361643 0.133752 -0.331064 -0.111004 0.000551188 
recurrent: 0.308851 0.0938553 -0.169121 -0.0968939 0.153679 
or: 0.125639 0.00467189 -0.14555 0.0541908 0.104781 
convolutional: 0.160169 -0.00139886 -0.236339 0.0258713 0.0369937 
neural: 0.402935 -0.0348411 -0.151645 0.0783132 0.0417327 
networks: 0.305396 0.0634382 -0.296026 -0.0605343 0.0565434 
that: 0.800077 0.0282123 -0.492517 0.0437211 0.0627622 
include: 0.32936 0.0240934 -0.304179 0.0908348 -0.00552421 
encoder: 0.815381 0.00691308 -0.718832 0.0318598 0.147193 
decoder: 0.876534 -0.000135775 -0.740935 -0.103338 0.118809 
best: 0.832589 0.115315 -0.638672 0.0562027 0.00302142 
performing: 0.150168 0.0821168 -0.195509 -0.0716829 0.00561818 
connect: 0.432409 0.0466973 -0.306692 -0.0178078 0.12256 
through: 0.394607 -0.00542292 -0.306018 -0.111075 0.104034 
attention: 0.462971 5.89086e-05 -0.498193 0.07144 0.065431 
mechanism: 0.202843 -0.0304772 -0.170689 0.0341538 -0.0855283 
we: 0.637051 0.214335 -0.6607 -0.038871 0.125043 
propose: 0.369722 -0.0185178 -0.323228 0.0682469 -0.0251169 
simple: 0.385576 -0.00484088 -0.324556 0.00766962 0.0250531 
network: 0.389109 -0.00199842 -0.475033 -0.120741 0.0432539 
architecture: 0.430856 0.0887269 -0.442605 -0.087695 0.0332219 
transformer: 0.666338 0.199627 -0.642739 -0.0541318 0.00114607 
solely: 0.296468 0.0582492 -0.267299 -0.0812526 0.0584701 
mechanisms: 0.379267 0.0369398 -0.341883 -0.0762832 0.051376 
dispensing: 0.439149 -0.0364715 -0.330269 -0.0253583 -0.0323161 
recurrence: 0.438227 0.112587 -0.324535 -0.0552955 0.14044 
convolutions: 0.220632 -0.0240644 -0.227433 -0.105646 -0.00439411 
entirely: 0.297178 0.0175548 -0.138709 -0.0405611 0.0525461 
experiments: 0.291977 0.0357793 -0.312744 -0.00913754 0.0956766 
machine: 0.370226 0.149744 -0.301057 -0.0566616 0.133538 
translation: 0.779164 0.179828 -0.620293 -0.00594235 0.196371 
tasks: 0.630466 0.0867487 -0.450334 -0.100384 0.219285 
show: 0.781583 0.0346503 -0.673225 0.0418646 0.0882601 
be: 0.163303 0.0707411 -0.190239 -0.0322665 0.0525726 
superior: 0.298373 0.0398227 -0.290518 -0.0889616 0.0116173 
quality: 0.421404 0.0779585 -0.2596 -0.0438631 0.106525 
being: 0.400671 0.128743 -0.290292 0.0037342 0.0385975 
more: 0.374974 0.0508484 -0.400484 -0.0239067 -0.000327271 
parallelizable: 0.43088 0.108969 -0.354887 -0.104468 0.0057029 
requiring: 0.432361 0.152722 -0.201297 0.0660574 0.117062 
significantly: 0.263627 0.0839156 -0.207612 -0.00208706 -0.0372537 
less: 0.21395 0.111667 -0.214432 -0.0750649 0.0161114 
time: 0.32031 -0.000419041 -0.195196 -0.0895391 0.0157806 
train: 0.249518 0.183096 -0.372391 0.0244311 0.0835321 
our: 0.600887 0.0739965 -0.389331 -0.0921728 0.0291772 
model: 0.56778 0.159456 -0.46579 -0.0223622 0.079324 
achieves: 0.283309 0.0530416 -0.432113 -0.0448116 0.0611107 
bleu: 1.03818 0.100238 -0.919742 -0.00513663 0.193233 
wmt: 0.822196 0.0335496 -0.612888 0.0212561 0.189449 
englishtogerman: 0.502046 0.0600574 -0.262657 -0.0166879 0.0561442 
task: 0.550526 0.056582 -0.495216 -0.0132727 0.141487 
improving: 0.39584 0.114693 -0.336434 -0.0406986 0.0560884 
existing: 0.484431 0.03019 -0.455542 0.0506041 0.0944931 
results: 0.311963 0.0679279 -0.187643 -0.0234674 0.00888221 
ensembles: 0.157961 0.0307993 -0.270945 -0.0253552 0.0389774 
englishtofrench: 0.506368 0.0184843 -0.263183 -0.0416622 0.14205 
establishes: 0.391499 0.0630718 -0.348335 0.0646915 0.158206 
singlemodel: 0.393413 -0.00412952 -0.416967 -0.0877797 0.0727816 
stateoftheart: 0.356073 0.123077 -0.33649 -0.0690469 0.00407676 
score: 0.3875 0.0690573 -0.381 -0.124692 -0.0114225 
training: 0.956434 0.0663101 -0.68683 -0.129571 0.201444 
days: 0.426448 0.01072 -0.404224 0.0885115 0.10239 
eight: 0.480607 -0.00887528 -0.32227 0.0930333 -0.0345557 
gpus: 0.495023 0.137828 -0.321153 -0.0174471 0.0445944 
small: 0.472431 0.109738 -0.415559 0.0134194 0.0567864 
fraction: 0.48955 0.00320462 -0.436945 -0.0828415 0.051924 
costs: 0.678769 -0.0256034 -0.492738 -0.0325124 0.0752672 
literature: 0.46074 0.133589 -0.339753 -0.0226846 -0.0123381 
generalizes: 0.497835 0.088352 -0.339941 0.00609573 0.137582 
well: 0.299155 0.08985 -0.339143 -0.0815154 -0.0101207 
applying: 0.364123 0.127516 -0.236382 -0.0112843 0.152214 
successfully: 0.381446 0.0118901 -0.445528 -0.0996404 0.166475 
english: 0.454152 0.0588035 -0.330099 0.0360029 0.0587913 
constituency: 0.333808 0.0268493 -0.404072 0.0436566 0.0806835 
parsing: 0.406444 0.140766 -0.287813 0.0183864 0.0862332 
both: 0.387467 0.065503 -0.183057 0.0776521 0.0668188 
large: 0.26206 -0.0837389 -0.131953 -0.0933911 -0.0328878 
limited: 0.361931 0.104593 -0.429278 -0.133513 0.04992 
data: 0.176022 -0.029961 -0.263133 0.0537622 0.105073 
